 These are the values I have found:
 vxc     = -1.569776985943560E-011
 normB2  =  0.000000000000000E+000  0.000000000000000E+000
 
 VsLv3(1)= -0.680171445812478     
 VsLv3(2)= -0.147985939849964     
 VsLv3(3)= -0.147880143817492     
 VsRv3(1)=  0.680171445885860     
 VsRv3(2)=  0.147985939825617     
 VsRv3(3)=  0.147880143793365     
 
 left(2) =   50.1979510000000     
 p1      =   1183.50000000000     
 p2      =   1187.92429720201     
 p3      =   1183.50000000000     
 right(2)=   50.1979510000000     
 
  p(2)  =   1183.50000000000     
 By(4)  =  0.000000000000000E+000
 Bz(4)  =  0.000000000000000E+000
  p(7)  =   1183.50000000000     
 
 
 Results plotted in file 'solution.dat'
 
 
 These are the values I have found:
 vxc     = -1.352927867204854E-011
 normB2  =  0.000000000000000E+000  0.000000000000000E+000
 
 VsLv3(1)= -0.680232959020143     
 VsLv3(2)= -0.148073941315147     
 VsLv3(3)= -0.147968108191760     
 VsRv3(1)=  0.680232959094510     
 VsRv3(2)=  0.148073941292215     
 VsRv3(3)=  0.147968108169284     
 
 left(2) =   50.1979510000000     
 p1      =   1183.75221919491     
 p2      =   1188.17639279495     
 p3      =   1183.75221919896     
 right(2)=   50.1979510000000     
 
  p(2)  =   1183.75221919491     
 By(4)  =  8.041783333723609E-010
 Bz(4)  =  8.036243727371035E-010
  p(7)  =   1183.75221919896     
 
 
 Results plotted in file 'solution.dat'
 
 
 Initial Condition     =           10
 left boundary (x1)    =  -0.500000000000000     
 right boundary (x2)   =   0.500000000000000     
 time                  =   0.400000000000000     
 number of poitnt (nx) =          100
 
 Bx        =    10.0000000000000     
 EOS Gamma =    1.66660000000000     
 
 
 SOLUTION (at the LEFT side of the CD)
 rho =    61.4785626056678     
 p   =    1188.17639279495     
 vx  =   1.085991081988501E-008
 vy  =  -0.287684929945111     
 vz  =  -0.287684929945120     
 By  =   8.041783333723609E-010
 Bz  =   8.036243727371035E-010
 
 SOLUTION (at the RIGHT side of the CD)
 rho =    61.4785625976147     
 p   =    1188.17639279198     
 vx  =  -1.088696937722911E-008
 vy  =  -0.287684929948293     
 vz  =  -0.287684929948284     
 By  =   8.041783333723609E-010
 Bz  =   8.036243727371035E-010
 
 Shocks' Velocities
 VsL =   2.790582343536646E-307
 VsR =   2.948093847071041E-307
 
 
 These are the values I have found:
 vxc     = -1.352927867204854E-011
 normB2  =  0.000000000000000E+000  0.000000000000000E+000
 
 VsLv3(1)= -0.680232959020143     
 VsLv3(2)= -0.148073941315147     
 VsLv3(3)= -0.147968108191760     
 VsRv3(1)=  0.680232959094510     
 VsRv3(2)=  0.148073941292215     
 VsRv3(3)=  0.147968108169284     
 
 left(2) =   50.1979510000000     
 p1      =   1183.75221919491     
 p2      =   1188.17639279495     
 p3      =   1183.75221919896     
 right(2)=   50.1979510000000     
 
  p(2)  =   1183.75221919491     
 By(4)  =  8.041783333723609E-010
 Bz(4)  =  8.036243727371035E-010
  p(7)  =   1183.75221919896     
 
 
 Results plotted in file 'solution.dat'
 
 
