 These are the values I have found:
 vxc     = -4.544979623333557E-002
 pbc     =   5.61591159552994     
 
 VsLv3(1)= -0.663708753855640     
 VsLv3(2)= -0.570245075458176     
 VsLv3(3)= -0.568637507818981     
 VsRv3(1)=  0.694244089043659     
 VsRv3(2)=  0.409982454176302     
 VsRv3(3)=  0.363830310144027     
 
 left(2) =   2.88515000000000     
 p1      =   5.90800000000000     
 p2      =   5.61599071450667     
 p3      =   5.48800000000000     
 right(2)=   2.91827500000000     
 
  p(2)  =   5.90800000000000     
 By(4)  =  -1.17500000000000     
 Bz(4)  =  0.585000000000000     
  p(7)  =   5.48800000000000     
 
 
 Results plotted in file 'solution.dat'
 
 
