 These are the values I have found:
 vxc     =  0.952901399951980     
 pbc     =   76.5287913263128     
 
 VsLv3(1)= -0.824103855475128     
 VsLv3(2)=  0.622445065960456     
 VsLv3(3)=  0.626497641286288     
 VsRv3(1)=  0.994861669064528     
 VsRv3(2)=  0.990264655046923     
 VsRv3(3)=  0.981391600273247     
 
 left(2) =   1099.00000000000     
 p1      =   86.0438974999268     
 p2      =   76.5287912133786     
 p3      =   63.6328552000000     
 right(2)=   50.5900000000000     
 
  p(2)  =   86.0438975000000     
 By(4)  =   4.66965496000000     
 Bz(4)  =   4.66965496000000     
  p(7)  =   63.6328552000000     
 
 
 Results plotted in file 'solution.dat'
 
 
 These are the values I have found:
 vxc     =  0.952901399698496     
 pbc     =   76.5287921702932     
 
 VsLv3(1)= -0.824103855475128     
 VsLv3(2)=  0.622445065095808     
 VsLv3(3)=  0.626497640397646     
 VsRv3(1)=  0.994861669093748     
 VsRv3(2)=  0.990264655084952     
 VsRv3(3)=  0.981391600831794     
 
 left(2) =   1099.00000000000     
 p1      =   86.0438979026258     
 p2      =   76.5287921703039     
 p3      =   63.6328556590741     
 right(2)=   50.5900000000000     
 
  p(2)  =   86.0438979026887     
 By(4)  =   4.66965492332307     
 Bz(4)  =   4.66965492332050     
  p(7)  =   63.6328556590741     
 
 
 Results plotted in file 'solution.dat'
 
 
 Initial Condition     =            9
 left boundary (x1)    =  -0.500000000000000     
 right boundary (x2)   =   0.500000000000000     
 time                  =   0.400000000000000     
 number of poitnt (nx) =          400
 
 Bx        =    10.0000000000000     
 EOS Gamma =    1.66660000000000     
 
 
 SOLUTION (at the LEFT side of the CD)
 rho =   9.798235131004193E-002
 p   =    76.5287921703039     
 vx  =   0.952901399698439     
 vy  =   4.366347976455658E-002
 vz  =   4.366347976455658E-002
 By  =    4.66965492332217     
 Bz  =    4.66965492332217     
 
 SOLUTION (at the RIGHT side of the CD)
 rho =    10.1039426942897     
 p   =    76.5287921702825     
 vx  =   0.952901399698554     
 vy  =   4.366347976457563E-002
 vz  =   4.366347976458780E-002
 By  =    4.66965492332307     
 Bz  =    4.66965492332050     
 
 Shocks' Velocities
 VsL =    2.16647338867283     
 VsR =   4.243991582325797E-313
 
 
 These are the values I have found:
 vxc     =  0.952901399698496     
 pbc     =   76.5287921702932     
 
 VsLv3(1)= -0.824103855475128     
 VsLv3(2)=  0.622445065095808     
 VsLv3(3)=  0.626497640397646     
 VsRv3(1)=  0.994861669093748     
 VsRv3(2)=  0.990264655084952     
 VsRv3(3)=  0.981391600831794     
 
 left(2) =   1099.00000000000     
 p1      =   86.0438979026258     
 p2      =   76.5287921703039     
 p3      =   63.6328556590741     
 right(2)=   50.5900000000000     
 
  p(2)  =   86.0438979026887     
 By(4)  =   4.66965492332307     
 Bz(4)  =   4.66965492332050     
  p(7)  =   63.6328556590741     
 
 
 Results plotted in file 'solution.dat'
 
 
