 These are the values I have found:
 vxc     =  0.676980012909135     
 normB2  =  0.000000000000000E+000  0.000000000000000E+000
 
 VsLv3(1)= -0.911175313428363     
 VsLv3(2)= -1.158716514495506E-003
 VsLv3(3)=  9.276188437550364E-002
 VsRv3(1)=  0.957108218858041     
 VsRv3(2)=  0.935887558936478     
 VsRv3(3)=  0.891255683698554     
 
 left(2) =   78.5000000000000     
 p1      =   23.2143585999927     
 p2      =   22.8388578910582     
 p3      =   20.7206998000000     
 right(2)=   13.9900000000000     
 
  p(2)  =   23.2143586000000     
 By(4)  =   3.20517414000000     
 Bz(4)  =   3.20517414000000     
  p(7)  =   20.7206998000000     
 
 
 Results plotted in file 'solution.dat'
 
 
 These are the values I have found:
 vxc     =  0.676980014262948     
 normB2  =  0.000000000000000E+000  0.000000000000000E+000
 
 VsLv3(1)= -0.911175313428363     
 VsLv3(2)= -1.158717146868771E-003
 VsLv3(3)=  9.276188360893439E-002
 VsRv3(1)=  0.957108218965164     
 VsRv3(2)=  0.935887559040172     
 VsRv3(3)=  0.891255684478088     
 
 left(2) =   78.5000000000000     
 p1      =   23.2143586503159     
 p2      =   22.8388579327923     
 p3      =   20.7206998581801     
 right(2)=   13.9900000000000     
 
  p(2)  =   23.2143586503185     
 By(4)  =   3.20517414679473     
 Bz(4)  =   3.20517414679466     
  p(7)  =   20.7206998581801     
 
 
 Results plotted in file 'solution.dat'
 
 
 Initial Condition     =            8
 left boundary (x1)    =  -0.500000000000000     
 right boundary (x2)   =   0.500000000000000     
 time                  =   0.400000000000000     
 number of poitnt (nx) =          100
 
 Bx        =    5.00000000000000     
 EOS Gamma =    1.66660000000000     
 
 
 SOLUTION (at the LEFT side of the CD)
 rho =   0.382962199356314     
 p   =    22.8388579327923     
 vx  =   0.676980014262818     
 vy  =  -5.566042355372516E-002
 vz  =  -5.566042355372518E-002
 By  =    3.20517414679667     
 Bz  =    3.20517414679667     
 
 SOLUTION (at the RIGHT side of the CD)
 rho =    2.82783251548574     
 p   =    22.8388579327959     
 vx  =   0.676980014263078     
 vy  =  -5.566042355244261E-002
 vz  =  -5.566042355244046E-002
 By  =    3.20517414679473     
 Bz  =    3.20517414679466     
 
 Shocks' Velocities
 VsL =   6.790386531434717E-313
 VsR =   2.410497588043612E-306
 
 
 These are the values I have found:
 vxc     =  0.676980014262948     
 normB2  =  0.000000000000000E+000  0.000000000000000E+000
 
 VsLv3(1)= -0.911175313428363     
 VsLv3(2)= -1.158717146868771E-003
 VsLv3(3)=  9.276188360893439E-002
 VsRv3(1)=  0.957108218965164     
 VsRv3(2)=  0.935887559040172     
 VsRv3(3)=  0.891255684478088     
 
 left(2) =   78.5000000000000     
 p1      =   23.2143586503159     
 p2      =   22.8388579327923     
 p3      =   20.7206998581801     
 right(2)=   13.9900000000000     
 
  p(2)  =   23.2143586503185     
 By(4)  =   3.20517414679473     
 Bz(4)  =   3.20517414679466     
  p(7)  =   20.7206998581801     
 
 
 Results plotted in file 'solution.dat'
 
 
