 These are the values I have found:
 vxc     =  0.255450651350486     
 pbc     =  0.706243914659661     
 
 VsLv3(1)= -0.867038714730431     
 VsLv3(2)=  3.313122200017576E-002
 VsLv3(3)=  3.108015666824932E-002
 VsRv3(1)=  0.954517868184329     
 VsRv3(2)=  0.387224765098750     
 VsRv3(3)=  0.380581310755486     
 
 left(2) =   1.62500000000000     
 p1      =  0.698933451999868     
 p2      =  0.706243914916312     
 p3      =  0.697622885000106     
 right(2)=  0.725000000000000     
 
  p(2)  =  0.698933452000000     
 By(4)  = -0.428492941000000     
 Bz(4)  =  0.000000000000000E+000
  p(7)  =  0.697622885000000     
 
 
 Results plotted in file 'solution.dat'
 
 
 Initial Condition     =            7
 left boundary (x1)    =  -0.500000000000000     
 right boundary (x2)   =   0.500000000000000     
 time                  =   0.400000000000000     
 number of poitnt (nx) =         1000
 
 Bx        =   0.500000000000000     
 EOS Gamma =    2.00000000000000     
 
 
 SOLUTION (at the LEFT side of the CD)
 rho =   0.709197837163416     
 p   =   0.706243914916312     
 vx  =   0.255450651317567     
 vy  =  -0.680419037508122     
 vz  =   0.000000000000000E+000
 By  =  -0.428492941000000     
 Bz  =   0.000000000000000E+000
 
 SOLUTION (at the RIGHT side of the CD)
 rho =   0.269523203292304     
 p   =   0.706243914403009     
 vx  =   0.255450651383405     
 vy  =  -0.680419037633280     
 vz  =   0.000000000000000E+000
 By  =  -0.428492941000000     
 Bz  =   0.000000000000000E+000
 
 Shocks' Velocities
 VsL =   -1.99156212808640     
 VsR =   2.652517844180584E-314
 
 
 These are the values I have found:
 vxc     =  0.255450651350486     
 pbc     =  0.706243914659661     
 
 VsLv3(1)= -0.867038714730431     
 VsLv3(2)=  3.313122200017576E-002
 VsLv3(3)=  3.108015666824932E-002
 VsRv3(1)=  0.954517868184329     
 VsRv3(2)=  0.387224765098750     
 VsRv3(3)=  0.380581310755486     
 
 left(2) =   1.62500000000000     
 p1      =  0.698933451999868     
 p2      =  0.706243914916312     
 p3      =  0.697622885000106     
 right(2)=  0.725000000000000     
 
  p(2)  =  0.698933452000000     
 By(4)  = -0.428492941000000     
 Bz(4)  =  0.000000000000000E+000
  p(7)  =  0.697622885000000     
 
 
 Results plotted in file 'solution.dat'
 
 
